HasAns_exact = 81.84885290148448		
HasAns_f1 = 88.00669765650659		
HasAns_total = 5928		
NoAns_exact = 89.35239697224559		
NoAns_f1 = 89.35239697224559		
NoAns_total = 5945		
exact = 85.60599679946097		
f1 = 88.68051071403777		
total = 11873		
HasAns_exact = 83.85627530364373		
HasAns_f1 = 89.56298615169958		
HasAns_total = 5928		
NoAns_exact = 90.89991589571068		
NoAns_f1 = 90.89991589571068		
NoAns_total = 5945		
exact = 87.38313821275162		
f1 = 90.23240814514222		
total = 11873		
