HasAns_exact = 2.043269230769231		
HasAns_f1 = 40.32777721519802		
HasAns_total = 1664		
NoAns_exact = 58.35336538461539		
NoAns_f1 = 58.35336538461539		
NoAns_total = 1664		
exact = 30.198317307692307		
f1 = 49.34057129990673		
total = 3328		
HasAns_exact = 42.30769230769231		
HasAns_f1 = 75.67743010524717		
HasAns_total = 1664		
NoAns_exact = 94.77163461538461		
NoAns_f1 = 94.77163461538461		
NoAns_total = 1664		
exact = 68.53966346153847		
f1 = 85.2245323603158		
total = 3328		
